fcoll density
0 0.05 2

0.404718266268
0.404718266268
0.404718266268
0.404718266284
0.404720730602
0.404939950271
0.407254392236
0.4154884286
0.431073606235
0.45059296822
0.468640369548
0.48172674408
0.489361698859
0.492790216761
0.493559724755
0.492867273961
0.491456070509
0.489726487073
0.487874995434
0.485975397424
0.484056332441
0.482122179103
0.48016983723
0.478200902051
0.476205376621
0.474184536322
0.47213807648
0.470066561269
0.467976014468
0.465861691378
0.463728363551
0.461578279338
0.459413722878
0.457240711208
0.455055953633
0.452863982699
0.450666899478
0.44846667911
0.446267695162
0.444067637572
