fcoll Tb
0 0.1 4

-0.20144278243
-0.20144278243
-0.201443413649
-0.202087067798
-0.207536418505
-0.212418975215
-0.208158365452
-0.198003496747
-0.18611280235
-0.173931002031
-0.161790566876
-0.149797942743
-0.138029680692
-0.126579777005
-0.115506539241
-0.104865675198
-0.0946879748831
-0.0849789913809
-0.0757592537389
-0.0670142539172
-0.0587438689998
-0.0509326194206
-0.0435550358702
-0.0366062572954
-0.0300564098569
-0.0238939344136
-0.0180962587679
-0.0126367778852
-0.00750679505183
-0.00267910696448
0.00185724075472
0.00612180515208
0.0101358897227
0.0139068144983
0.0174557825315
0.0207910234521
0.0239275292384
0.0268810436249
0.0296569753272
0.0322709927416
