fcoll neut_frac
0 0.1 4

-0.498478177597
-0.498478177597
-0.498481982641
-0.502402281846
-0.540179155871
-0.605328637686
-0.65078292299
-0.670296061908
-0.676198955954
-0.675854510974
-0.67202707581
-0.665823875231
-0.657879074613
-0.648657768662
-0.638524095397
-0.627766121614
-0.616608733365
-0.605221994213
-0.593747799104
-0.582285202911
-0.570919131156
-0.559709409348
-0.548694690076
-0.537917276691
-0.527392489908
-0.517142471566
-0.507174896827
-0.497488274005
-0.488093484464
-0.478980936508
-0.470153814149
-0.4616047126
-0.453321835045
-0.445306846186
-0.437544658902
-0.430033735892
-0.422763604438
-0.415721173721
-0.408906162325
-0.402303520317
