fcoll density
0 0.1 4

0.404718266268
0.404718266268
0.404720730602
0.407254392236
0.431073606235
0.468640369548
0.489361698859
0.493559724755
0.491456070509
0.487874995434
0.484056332441
0.48016983723
0.476205376621
0.47213807648
0.467976014468
0.463728363551
0.459413722878
0.455055953633
0.450666899478
0.446267695162
0.441869826185
0.437486680286
0.433130629249
0.428807056763
0.424524843559
0.420288012272
0.416101360772
0.41196859648
0.407891323486
0.403871824804
0.399911166573
0.396010425573
0.392169869661
0.388390173342
0.384670866395
0.381012531802
0.377414771847
0.373876255317
0.37039802559
0.366977994224
